0, 286, 312, 302, 242, 306, 238, 0, 0, 278, 0, 288, 270, 0, 284, 288, 306, 306, 300, 300, 282, 324, 298, 282, 306, 290, 294, 300, 306, 320, 288, 308, 310, 314, 252, 288, 306, 300, 0, 286, 288, 286, 302, 306, 0, 0, 282, 296, 298, 292, 0, 308, 0, 314, 322, 294, 310, 298, 294, 0, 0, 312, 0, 302, 304, 216, 0, 296, 0, 308, 292, 258, 0, 292, 302, 0, 250, 286, 284, 0, 286, 0, 306, 0, 320, 298, 0, 328, 280, 286, 290, 286, 262, 334, 306, 0, 0, 308, 0, 208, 0, 332, 298, 300, 0, 0, 0, 304, 0, 290, 0, 226, 0, 0, 0, 292, 0, 284, 288, 0, 
262, 340, 240, 348, 352, 0, 0, 346, 328, 354, 338, 354, 0, 166, 342, 330, 348, 0, 302, 352, 0, 356, 352, 348, 350, 354, 350, 354, 350, 0, 320, 0, 356, 0, 0, 312, 0, 352, 348, 346, 350, 0, 0, 222, 0, 352, 340, 340, 348, 348, 352, 346, 0, 0, 356, 0, 328, 310, 338, 356, 342, 0, 342, 0, 0, 0, 0, 0, 0, 348, 342, 0, 348, 290, 0, 0, 0, 350, 330, 0, 0, 0, 342, 344, 342, 0, 356, 0, 344, 0, 0, 0, 342, 314, 344, 340, 0, 348, 0, 0, 344, 348, 272, 352, 350, 0, 244, 340, 0, 350, 0, 348, 0, 0, 356, 298, 350, 0, 358, 0, 
342, 332, 352, 362, 0, 364, 360, 330, 380, 0, 0, 362, 0, 364, 0, 366, 0, 0, 362, 348, 366, 0, 366, 0, 362, 370, 360, 366, 336, 336, 0, 360, 362, 346, 0, 352, 362, 0, 362, 358, 362, 0, 332, 0, 0, 268, 358, 356, 360, 0, 0, 366, 358, 372, 0, 332, 356, 358, 0, 364, 368, 362, 0, 362, 0, 0, 366, 366, 358, 354, 272, 266, 0, 308, 350, 360, 366, 0, 0, 0, 356, 360, 0, 0, 314, 360, 362, 368, 326, 0, 360, 358, 360, 306, 0, 0, 362, 0, 364, 0, 0, 0, 340, 354, 0, 360, 364, 0, 0, 360, 360, 0, 366, 0, 0, 0, 356, 360, 0, 0, 
360, 376, 376, 378, 0, 318, 376, 376, 380, 0, 0, 0, 232, 380, 376, 372, 370, 0, 374, 376, 310, 0, 384, 0, 372, 380, 362, 372, 384, 348, 374, 0, 372, 244, 324, 384, 244, 380, 374, 378, 0, 0, 0, 370, 0, 0, 292, 378, 384, 252, 372, 0, 0, 372, 384, 360, 384, 0, 0, 374, 0, 380, 0, 374, 368, 384, 0, 378, 362, 202, 328, 0, 0, 372, 380, 382, 366, 386, 370, 0, 0, 380, 0, 374, 374, 382, 0, 0, 386, 382, 380, 332, 0, 384, 372, 380, 372, 372, 320, 0, 0, 0, 0, 372, 0, 0, 384, 0, 372, 0, 0, 370, 0, 352, 0, 252, 0, 372, 374, 384, 
0, 382, 400, 0, 0, 396, 252, 314, 384, 0, 0, 382, 384, 0, 384, 0, 392, 386, 386, 388, 392, 0, 384, 0, 0, 0, 394, 398, 388, 388, 388, 0, 388, 388, 388, 384, 386, 348, 386, 340, 384, 336, 398, 388, 392, 0, 394, 388, 396, 388, 390, 374, 388, 388, 0, 0, 384, 0, 388, 386, 0, 0, 0, 388, 320, 384, 392, 348, 388, 384, 0, 0, 390, 0, 380, 276, 0, 386, 378, 0, 390, 0, 0, 386, 324, 390, 0, 0, 0, 0, 0, 384, 0, 384, 0, 0, 0, 398, 406, 390, 388, 0, 0, 0, 0, 0, 384, 362, 384, 390, 0, 0, 380, 0, 0, 382, 388, 0, 0, 0, 
398, 398, 400, 274, 296, 396, 394, 390, 396, 390, 404, 394, 0, 244, 252, 336, 392, 0, 0, 396, 392, 0, 0, 0, 246, 402, 394, 398, 398, 362, 0, 248, 398, 0, 396, 0, 400, 0, 372, 396, 396, 0, 398, 0, 392, 398, 394, 240, 396, 380, 390, 400, 246, 0, 390, 324, 0, 0, 386, 394, 270, 364, 406, 396, 0, 390, 392, 0, 0, 378, 394, 0, 390, 388, 0, 398, 400, 388, 0, 220, 0, 354, 396, 0, 362, 390, 388, 390, 390, 0, 0, 0, 398, 0, 396, 0, 0, 398, 406, 390, 392, 0, 0, 0, 392, 324, 0, 0, 0, 0, 388, 0, 364, 0, 0, 0, 0, 0, 0, 0, 
0, 410, 0, 0, 404, 0, 272, 402, 0, 404, 404, 0, 0, 406, 0, 400, 0, 0, 414, 406, 402, 404, 0, 400, 236, 402, 254, 0, 0, 402, 0, 0, 0, 408, 294, 0, 0, 412, 400, 388, 0, 0, 400, 380, 402, 0, 0, 0, 398, 0, 402, 400, 374, 0, 402, 406, 248, 404, 0, 406, 0, 218, 406, 0, 0, 404, 324, 402, 400, 0, 400, 416, 0, 416, 406, 0, 400, 398, 316, 404, 0, 0, 270, 410, 402, 0, 398, 346, 0, 406, 238, 400, 406, 390, 0, 402, 0, 398, 406, 0, 410, 354, 210, 402, 218, 0, 400, 404, 0, 0, 0, 398, 402, 0, 416, 0, 406, 406, 416, 392, 
418, 262, 256, 418, 224, 408, 416, 0, 410, 306, 416, 0, 418, 394, 242, 0, 412, 410, 414, 0, 0, 0, 410, 0, 414, 416, 412, 394, 400, 320, 418, 414, 412, 418, 418, 412, 414, 330, 400, 410, 390, 416, 268, 0, 426, 418, 272, 414, 0, 418, 0, 0, 408, 418, 414, 410, 0, 414, 410, 0, 334, 414, 0, 0, 390, 404, 0, 0, 418, 406, 430, 416, 0, 416, 0, 422, 0, 404, 410, 0, 406, 412, 0, 0, 0, 0, 0, 0, 0, 400, 414, 416, 402, 0, 414, 418, 0, 410, 264, 414, 410, 0, 0, 0, 420, 264, 286, 404, 0, 434, 0, 376, 0, 400, 416, 360, 406, 0, 416, 0, 
418, 432, 414, 418, 432, 0, 0, 0, 0, 312, 430, 0, 418, 0, 422, 438, 0, 0, 432, 224, 420, 0, 432, 420, 0, 432, 0, 0, 186, 408, 0, 416, 434, 418, 418, 264, 426, 0, 0, 400, 0, 264, 428, 428, 426, 430, 418, 428, 432, 0, 434, 422, 432, 428, 258, 432, 424, 0, 258, 0, 0, 0, 422, 0, 378, 0, 0, 428, 0, 0, 430, 416, 0, 420, 332, 422, 406, 414, 242, 426, 426, 416, 418, 0, 418, 0, 430, 390, 0, 0, 424, 0, 428, 426, 0, 0, 0, 422, 428, 0, 310, 418, 260, 0, 420, 0, 362, 0, 426, 434, 0, 432, 416, 0, 0, 0, 0, 0, 416, 258, 
444, 432, 432, 436, 432, 420, 432, 404, 0, 0, 430, 436, 416, 0, 422, 438, 418, 422, 432, 412, 0, 0, 432, 334, 0, 432, 412, 0, 430, 322, 268, 386, 434, 436, 0, 0, 426, 428, 258, 0, 0, 432, 428, 436, 432, 430, 426, 0, 432, 0, 434, 0, 432, 428, 0, 432, 442, 332, 432, 262, 436, 0, 0, 432, 234, 296, 420, 360, 0, 0, 430, 392, 432, 0, 432, 0, 430, 0, 0, 280, 0, 0, 0, 434, 256, 0, 430, 298, 0, 440, 0, 434, 0, 0, 428, 344, 432, 0, 0, 0, 0, 0, 0, 0, 0, 432, 0, 0, 0, 434, 244, 432, 214, 398, 0, 0, 0, 432, 0, 430, 
444, 328, 0, 436, 0, 436, 398, 416, 0, 0, 0, 436, 434, 396, 442, 438, 0, 432, 258, 0, 436, 0, 0, 244, 438, 0, 248, 432, 436, 430, 0, 264, 434, 436, 0, 410, 438, 0, 0, 214, 436, 0, 0, 436, 0, 0, 378, 0, 432, 442, 306, 440, 434, 440, 430, 432, 442, 432, 282, 436, 436, 434, 398, 432, 438, 0, 402, 226, 410, 0, 274, 438, 432, 440, 432, 0, 0, 398, 0, 0, 0, 402, 0, 0, 442, 432, 0, 0, 290, 440, 430, 0, 0, 0, 0, 430, 432, 430, 438, 436, 348, 436, 334, 434, 0, 0, 0, 0, 428, 434, 0, 432, 0, 428, 0, 0, 0, 432, 0, 256, 
444, 0, 440, 0, 0, 0, 434, 436, 290, 0, 0, 0, 268, 0, 442, 438, 438, 320, 0, 0, 436, 268, 0, 0, 438, 438, 0, 294, 436, 416, 0, 392, 268, 436, 440, 0, 438, 0, 390, 268, 436, 394, 242, 0, 444, 0, 438, 432, 0, 442, 0, 440, 434, 440, 408, 0, 442, 0, 394, 0, 436, 0, 440, 416, 438, 0, 0, 436, 396, 388, 0, 438, 0, 440, 426, 436, 0, 0, 0, 0, 0, 440, 422, 396, 442, 440, 292, 0, 0, 440, 264, 0, 0, 0, 0, 432, 0, 0, 438, 436, 436, 0, 430, 0, 422, 428, 436, 436, 434, 434, 440, 0, 440, 0, 264, 0, 0, 0, 438, 436, 
444, 0, 440, 410, 0, 428, 0, 0, 446, 440, 442, 0, 400, 0, 442, 0, 330, 442, 418, 440, 360, 0, 440, 438, 416, 322, 442, 0, 0, 0, 0, 442, 438, 436, 440, 416, 0, 350, 0, 440, 0, 442, 266, 440, 444, 320, 0, 0, 0, 442, 442, 440, 442, 440, 390, 444, 442, 0, 0, 0, 444, 446, 440, 0, 442, 440, 0, 442, 0, 438, 444, 438, 0, 440, 0, 0, 0, 0, 254, 0, 0, 440, 440, 0, 442, 440, 400, 0, 436, 440, 442, 0, 438, 356, 440, 0, 0, 0, 0, 0, 436, 0, 0, 444, 438, 0, 0, 0, 0, 0, 440, 0, 440, 0, 0, 0, 260, 0, 0, 0, 
444, 0, 0, 448, 0, 444, 0, 350, 446, 450, 442, 266, 444, 0, 216, 260, 0, 442, 442, 444, 0, 0, 0, 326, 284, 442, 442, 272, 436, 450, 0, 0, 0, 442, 416, 324, 424, 320, 442, 0, 448, 442, 448, 440, 444, 444, 436, 0, 448, 442, 442, 440, 442, 430, 0, 444, 442, 0, 448, 338, 444, 446, 0, 0, 442, 438, 0, 442, 0, 0, 444, 0, 0, 448, 276, 442, 270, 0, 0, 0, 450, 272, 440, 444, 442, 0, 0, 438, 0, 446, 442, 366, 0, 440, 0, 0, 440, 0, 0, 0, 272, 0, 0, 444, 0, 0, 442, 0, 0, 264, 0, 0, 440, 0, 0, 0, 0, 0, 442, 0, 
444, 0, 0, 448, 448, 444, 0, 260, 446, 450, 442, 444, 444, 0, 0, 444, 440, 450, 0, 444, 256, 458, 0, 250, 280, 442, 0, 0, 0, 450, 0, 0, 0, 442, 446, 270, 446, 268, 362, 444, 448, 442, 448, 0, 444, 444, 270, 448, 448, 268, 368, 0, 0, 266, 442, 444, 0, 448, 448, 446, 186, 446, 448, 0, 442, 448, 0, 0, 418, 446, 444, 228, 322, 448, 0, 0, 0, 214, 448, 0, 450, 0, 444, 444, 332, 452, 214, 448, 158, 446, 0, 0, 438, 404, 0, 0, 446, 448, 438, 0, 0, 0, 456, 0, 0, 0, 0, 450, 0, 0, 444, 0, 0, 0, 444, 0, 0, 0, 442, 0, 
450, 372, 440, 448, 448, 448, 226, 354, 446, 450, 438, 448, 270, 444, 0, 0, 0, 450, 0, 304, 0, 458, 418, 314, 0, 0, 0, 362, 356, 450, 0, 452, 288, 440, 362, 272, 0, 0, 0, 0, 448, 0, 448, 0, 306, 0, 414, 448, 448, 228, 442, 272, 0, 418, 278, 448, 426, 448, 448, 446, 0, 0, 448, 446, 320, 448, 352, 402, 0, 446, 430, 448, 0, 448, 448, 426, 0, 0, 448, 444, 450, 0, 0, 0, 182, 452, 0, 448, 0, 446, 242, 450, 0, 0, 0, 0, 446, 448, 0, 448, 0, 454, 456, 352, 0, 448, 334, 450, 450, 0, 444, 392, 0, 0, 0, 446, 0, 0, 376, 366, 
450, 448, 0, 450, 412, 448, 454, 454, 0, 450, 0, 448, 344, 220, 0, 0, 268, 450, 0, 450, 448, 458, 0, 252, 0, 360, 188, 448, 0, 450, 444, 452, 0, 448, 452, 278, 252, 286, 0, 208, 448, 448, 448, 0, 442, 0, 352, 448, 0, 0, 446, 0, 0, 440, 0, 448, 0, 448, 448, 0, 408, 0, 448, 442, 428, 448, 0, 0, 0, 0, 210, 448, 0, 448, 448, 328, 0, 450, 448, 0, 450, 0, 448, 0, 0, 452, 450, 448, 282, 0, 0, 450, 450, 444, 0, 264, 0, 0, 0, 448, 0, 454, 456, 0, 290, 448, 394, 450, 450, 0, 444, 0, 0, 450, 0, 0, 0, 0, 0, 380, 
450, 0, 0, 284, 192, 0, 454, 454, 426, 450, 262, 452, 0, 0, 0, 394, 452, 450, 0, 450, 440, 458, 450, 236, 446, 450, 212, 422, 0, 450, 256, 452, 276, 0, 452, 364, 0, 0, 268, 0, 358, 450, 0, 294, 256, 0, 386, 268, 0, 450, 0, 0, 448, 0, 0, 0, 0, 448, 448, 0, 264, 446, 448, 450, 0, 452, 450, 450, 0, 0, 442, 448, 452, 448, 0, 440, 450, 450, 448, 0, 450, 378, 448, 342, 444, 452, 450, 264, 0, 378, 436, 450, 450, 0, 0, 0, 0, 0, 278, 0, 0, 454, 456, 0, 0, 448, 0, 450, 450, 450, 0, 446, 0, 450, 0, 0, 0, 0, 0, 0, 
0, 416, 456, 0, 456, 354, 454, 454, 428, 274, 0, 452, 406, 0, 0, 458, 452, 0, 0, 450, 190, 458, 0, 0, 0, 0, 452, 0, 452, 450, 0, 452, 256, 0, 452, 0, 452, 338, 452, 436, 0, 450, 272, 0, 0, 360, 452, 246, 452, 430, 432, 0, 406, 456, 420, 408, 404, 0, 0, 0, 450, 0, 0, 450, 0, 452, 450, 432, 450, 0, 0, 0, 452, 448, 0, 452, 0, 450, 434, 0, 450, 0, 448, 0, 0, 452, 450, 288, 0, 236, 0, 450, 450, 452, 422, 0, 444, 0, 450, 0, 434, 454, 456, 0, 0, 448, 0, 450, 450, 450, 0, 0, 448, 450, 0, 452, 0, 0, 452, 0, 
366, 0, 456, 450, 456, 368, 454, 454, 0, 434, 444, 264, 446, 0, 0, 458, 220, 0, 0, 456, 0, 458, 0, 444, 454, 426, 452, 0, 452, 440, 366, 452, 296, 0, 452, 276, 452, 448, 452, 434, 454, 0, 352, 0, 0, 0, 452, 434, 452, 452, 0, 0, 0, 456, 456, 432, 0, 446, 432, 440, 0, 0, 0, 0, 0, 452, 0, 446, 410, 436, 454, 0, 452, 452, 456, 452, 0, 260, 454, 424, 452, 452, 0, 0, 0, 452, 450, 0, 454, 436, 430, 0, 450, 452, 0, 0, 346, 232, 384, 0, 0, 454, 456, 0, 254, 448, 404, 0, 450, 0, 0, 0, 0, 450, 0, 452, 452, 0, 452, 0, 
0, 454, 456, 452, 456, 268, 454, 454, 0, 446, 438, 456, 0, 0, 436, 458, 454, 0, 456, 456, 0, 458, 456, 272, 454, 278, 432, 202, 430, 450, 0, 430, 276, 444, 434, 450, 0, 440, 452, 444, 0, 0, 0, 456, 424, 0, 398, 0, 0, 276, 456, 456, 230, 456, 456, 456, 450, 0, 0, 456, 0, 0, 0, 444, 0, 452, 0, 0, 0, 222, 454, 0, 452, 452, 456, 452, 0, 0, 454, 0, 452, 452, 0, 0, 0, 450, 0, 414, 454, 202, 0, 432, 0, 390, 456, 240, 0, 446, 456, 0, 0, 454, 456, 0, 412, 0, 418, 0, 0, 0, 0, 0, 0, 0, 0, 452, 452, 436, 452, 0, 
450, 456, 456, 428, 456, 0, 312, 454, 454, 448, 0, 456, 0, 458, 0, 458, 454, 458, 456, 456, 280, 458, 456, 452, 0, 0, 0, 0, 280, 0, 0, 0, 450, 0, 0, 0, 0, 460, 0, 456, 0, 288, 318, 456, 0, 458, 456, 0, 248, 0, 456, 456, 0, 456, 456, 456, 0, 0, 456, 456, 456, 0, 414, 272, 0, 456, 424, 456, 456, 446, 0, 452, 0, 420, 456, 0, 314, 458, 454, 0, 0, 366, 0, 0, 0, 0, 0, 0, 0, 456, 424, 0, 456, 0, 456, 456, 0, 446, 456, 456, 0, 454, 456, 438, 0, 454, 0, 378, 458, 0, 454, 456, 0, 0, 0, 0, 442, 0, 452, 0, 
0, 456, 462, 0, 456, 456, 446, 0, 0, 412, 446, 458, 438, 458, 240, 458, 458, 458, 456, 456, 0, 458, 444, 448, 462, 0, 460, 456, 0, 0, 0, 0, 0, 438, 0, 458, 0, 460, 0, 456, 460, 440, 0, 270, 458, 458, 456, 0, 0, 452, 416, 0, 458, 456, 282, 456, 0, 442, 456, 456, 0, 0, 456, 372, 0, 0, 0, 456, 456, 0, 456, 460, 456, 194, 456, 366, 456, 458, 454, 0, 0, 0, 0, 426, 0, 276, 452, 0, 456, 456, 0, 312, 456, 0, 456, 456, 0, 0, 456, 456, 454, 452, 456, 0, 0, 456, 286, 392, 458, 0, 462, 456, 378, 0, 456, 456, 442, 0, 372, 0, 
0, 306, 462, 460, 0, 454, 460, 240, 0, 0, 460, 458, 0, 458, 462, 458, 458, 458, 0, 458, 390, 458, 0, 422, 462, 0, 460, 278, 0, 462, 0, 0, 0, 454, 0, 458, 0, 460, 0, 0, 460, 462, 0, 456, 458, 458, 456, 458, 432, 0, 0, 458, 458, 442, 0, 408, 0, 458, 0, 0, 284, 206, 456, 448, 462, 460, 422, 456, 210, 0, 0, 460, 456, 458, 288, 376, 462, 458, 0, 390, 228, 0, 308, 0, 0, 458, 372, 0, 456, 460, 462, 452, 0, 462, 442, 382, 0, 0, 462, 0, 298, 456, 456, 0, 0, 456, 0, 0, 458, 456, 462, 0, 0, 458, 456, 0, 458, 400, 396, 0, 
352, 0, 462, 460, 0, 0, 460, 460, 384, 424, 460, 436, 254, 272, 462, 252, 456, 336, 458, 438, 258, 0, 188, 454, 462, 462, 460, 310, 454, 462, 460, 270, 462, 0, 0, 248, 0, 460, 0, 460, 460, 462, 448, 250, 324, 458, 446, 458, 0, 0, 0, 458, 0, 330, 0, 0, 458, 458, 0, 0, 430, 434, 460, 460, 462, 460, 0, 0, 424, 0, 454, 460, 0, 458, 464, 0, 462, 0, 264, 278, 0, 434, 0, 0, 458, 458, 0, 0, 448, 460, 462, 266, 0, 462, 0, 0, 0, 452, 462, 256, 458, 0, 460, 268, 0, 456, 0, 380, 458, 0, 462, 0, 0, 458, 456, 0, 458, 292, 0, 0, 
